<?xml version="1.0" encoding="UTF-8" standalone="no"?>
<!DOCTYPE svg PUBLIC "-//W3C//DTD SVG 20010904//EN"
              "http://www.w3.org/TR/2001/REC-SVG-20010904/DTD/svg10.dtd">

<svg xmlns="http://www.w3.org/2000/svg"
     width="0.266667in" height="0.266667in"
     viewBox="0 0 24 24">
  <path id="Imported Path"
        fill="none" stroke="black" stroke-width="1"
        d="M 17.55,12.86
           C 17.55,15.05 16.30,17.46 14.57,18.70
             14.57,18.70 14.57,21.92 14.57,21.92
             14.57,22.26 14.34,22.56 14.01,22.64
             14.01,22.64 12.22,23.11 12.22,23.11
             12.16,23.12 12.09,23.13 12.03,23.13
             11.97,23.13 11.91,23.12 11.84,23.11
             11.84,23.11 10.05,22.64 10.05,22.64
             9.72,22.56 9.49,22.26 9.49,21.92
             9.49,21.92 9.49,18.70 9.49,18.70
             7.76,17.46 6.51,15.05 6.51,12.86
             6.51,9.81 8.99,7.34 12.03,7.34
             15.07,7.34 17.55,9.81 17.55,12.86 Z
           M 13.08,20.44
           C 13.08,20.44 10.98,20.44 10.98,20.44
             10.98,20.44 10.98,21.35 10.98,21.35
             10.98,21.35 12.03,21.62 12.03,21.62
             12.03,21.62 13.08,21.35 13.08,21.35
             13.08,21.35 13.08,21.35 13.08,21.35
             13.08,21.35 13.08,20.44 13.08,20.44 Z
           M 16.06,12.86
           C 16.06,10.64 14.25,8.83 12.03,8.83
             9.81,8.83 8.00,10.64 8.00,12.86
             8.00,14.71 9.17,16.82 10.66,17.68
             10.96,17.85 11.10,18.20 11.01,18.52
             11.00,18.55 10.99,18.59 10.98,18.62
             10.98,18.62 10.98,19.32 10.98,19.32
             10.98,19.32 13.08,19.32 13.08,19.32
             13.08,19.32 13.08,18.62 13.08,18.62
             13.07,18.59 13.06,18.56 13.05,18.52
             12.96,18.19 13.10,17.85 13.40,17.68
             14.89,16.83 16.06,14.71 16.06,12.86 Z
           M 17.49,7.38
           C 17.35,7.24 17.27,7.05 17.27,6.84
             17.27,6.64 17.35,6.45 17.49,6.31
             17.49,6.31 19.41,4.38 19.41,4.38
             19.56,4.24 19.75,4.16 19.95,4.16
             20.15,4.16 20.34,4.24 20.49,4.38
             20.63,4.53 20.71,4.72 20.71,4.92
             20.71,5.12 20.63,5.31 20.49,5.46
             20.49,5.46 18.56,7.38 18.56,7.38
             18.42,7.52 18.23,7.60 18.03,7.60
             17.82,7.60 17.63,7.52 17.49,7.38 Z
           M 6.51,18.36
           C 6.65,18.50 6.73,18.69 6.73,18.89
             6.73,19.10 6.65,19.29 6.51,19.43
             6.51,19.43 4.59,21.35 4.59,21.35
             4.44,21.50 4.25,21.58 4.05,21.58
             3.85,21.58 3.66,21.50 3.51,21.35
             3.22,21.06 3.22,20.58 3.51,20.28
             3.51,20.28 5.44,18.36 5.44,18.36
             5.58,18.21 5.77,18.14 5.97,18.14
             6.18,18.14 6.37,18.21 6.51,18.36 Z
           M 24.00,12.87
           C 24.00,13.29 23.66,13.63 23.24,13.63
             23.24,13.63 20.52,13.63 20.52,13.63
             20.10,13.63 19.76,13.29 19.76,12.87
             19.76,12.45 20.10,12.11 20.52,12.11
             20.52,12.11 23.24,12.11 23.24,12.11
             23.66,12.11 24.00,12.45 24.00,12.87 Z
           M 3.48,13.63
           C 3.48,13.63 0.76,13.63 0.76,13.63
             0.34,13.63 0.00,13.29 0.00,12.87
             0.00,12.45 0.34,12.11 0.76,12.11
             0.76,12.11 3.48,12.11 3.48,12.11
             3.90,12.11 4.24,12.45 4.24,12.87
             4.24,13.29 3.90,13.63 3.48,13.63 Z
           M 20.49,20.28
           C 20.78,20.58 20.78,21.06 20.49,21.35
             20.34,21.50 20.15,21.58 19.95,21.58
             19.75,21.58 19.56,21.50 19.41,21.35
             19.41,21.35 17.49,19.43 17.49,19.43
             17.35,19.29 17.27,19.10 17.27,18.89
             17.27,18.69 17.35,18.50 17.49,18.36
             17.63,18.21 17.82,18.14 18.03,18.14
             18.23,18.14 18.42,18.21 18.56,18.36
             18.56,18.36 20.49,20.28 20.49,20.28 Z
           M 3.51,5.46
           C 3.37,5.31 3.29,5.12 3.29,4.92
             3.29,4.72 3.37,4.53 3.51,4.38
             3.66,4.24 3.85,4.16 4.05,4.16
             4.25,4.16 4.44,4.24 4.59,4.38
             4.59,4.38 6.51,6.31 6.51,6.31
             6.81,6.60 6.81,7.08 6.51,7.38
             6.37,7.52 6.18,7.60 5.97,7.60
             5.77,7.60 5.58,7.52 5.44,7.38
             5.44,7.38 3.51,5.46 3.51,5.46 Z
           M 11.24,4.35
           C 11.24,4.35 11.24,1.63 11.24,1.63
             11.24,1.21 11.58,0.87 12.00,0.87
             12.42,0.87 12.76,1.21 12.76,1.63
             12.76,1.63 12.76,4.35 12.76,4.35
             12.76,4.77 12.42,5.11 12.00,5.11
             11.58,5.11 11.24,4.77 11.24,4.35 Z" />
</svg>
