<?xml version="1.0" encoding="UTF-8" standalone="no"?>
<!DOCTYPE svg PUBLIC "-//W3C//DTD SVG 20010904//EN"
              "http://www.w3.org/TR/2001/REC-SVG-20010904/DTD/svg10.dtd">

<svg xmlns="http://www.w3.org/2000/svg"
     width="0.344444in" height="0.255556in"
     viewBox="0 0 31 23">
  <path id="Imported Path"
        fill="none" stroke="black" stroke-width="1"
        d="M 16.69,7.57
           C 16.66,7.54 16.71,7.53 16.99,7.53
             17.36,7.52 17.34,7.51 17.38,7.70
             17.39,7.77 17.41,7.87 17.43,7.92
             17.44,7.97 17.46,8.06 17.47,8.11
             17.48,8.16 17.50,8.24 17.51,8.27
             17.53,8.30 17.55,8.41 17.57,8.51
             17.58,8.61 17.61,8.71 17.62,8.73
             17.63,8.75 17.65,8.84 17.66,8.93
             17.67,9.01 17.68,9.08 17.69,9.08
             17.70,9.08 17.72,9.22 17.74,9.38
             17.76,9.55 17.78,9.68 17.79,9.68
             17.80,9.68 17.82,9.82 17.84,9.98
             17.85,10.15 17.87,10.28 17.88,10.28
             17.89,10.28 17.91,10.37 17.92,10.48
             17.93,10.59 17.95,10.69 17.96,10.69
             17.97,10.70 17.99,10.84 18.01,11.01
             18.02,11.18 18.05,11.32 18.06,11.32
             18.06,11.32 18.08,11.41 18.09,11.53
             18.10,11.65 18.11,11.75 18.12,11.75
             18.13,11.75 18.16,11.90 18.17,12.07
             18.19,12.25 18.21,12.40 18.22,12.40
             18.23,12.40 18.25,12.49 18.26,12.61
             18.27,12.72 18.28,12.83 18.29,12.84
             18.30,12.86 18.33,13.01 18.34,13.20
             18.36,13.38 18.38,13.53 18.39,13.53
             18.40,13.53 18.42,13.68 18.44,13.87
             18.46,14.06 18.48,14.22 18.49,14.22
             18.50,14.23 18.53,14.39 18.60,15.06
             18.62,15.27 18.65,15.44 18.66,15.45
             18.67,15.45 18.68,15.57 18.69,15.71
             18.70,15.84 18.72,15.95 18.73,15.95
             18.74,15.95 18.76,16.12 18.78,16.33
             18.80,16.54 18.82,16.72 18.83,16.73
             18.84,16.74 18.86,16.93 18.88,17.14
             18.89,17.35 18.92,17.53 18.93,17.55
             18.94,17.56 18.95,17.69 18.96,17.83
             18.97,17.97 18.99,18.09 19.00,18.09
             19.00,18.09 19.03,18.28 19.04,18.52
             19.06,18.76 19.08,18.95 19.09,18.95
             19.10,18.95 19.12,19.08 19.13,19.23
             19.14,19.39 19.16,19.53 19.17,19.54
             19.18,19.55 19.20,19.76 19.21,20.00
             19.23,20.23 19.25,20.45 19.26,20.47
             19.27,20.50 19.31,20.84 19.37,21.50
             19.39,21.72 19.41,21.94 19.42,21.99
             19.43,22.09 19.43,22.09 19.36,22.08
             19.32,22.07 19.29,22.08 19.29,22.09
             19.29,22.10 19.26,22.11 19.23,22.10
             19.19,22.10 19.17,22.10 19.17,22.12
             19.17,22.13 19.14,22.15 19.11,22.15
             19.08,22.15 19.05,22.15 19.04,22.16
             19.03,22.17 18.97,22.18 18.91,22.18
             18.69,22.19 18.49,22.22 18.49,22.25
             18.49,22.26 18.46,22.27 18.43,22.27
             18.36,22.27 18.35,22.24 18.39,22.20
             18.44,22.16 18.41,19.22 18.36,18.88
             18.34,18.73 18.30,18.40 18.27,18.16
             18.24,17.92 18.20,17.60 18.19,17.45
             18.17,17.31 18.14,17.09 18.13,16.97
             18.11,16.85 18.08,16.58 18.05,16.37
             18.03,16.16 17.97,15.70 17.92,15.34
             17.87,14.98 17.81,14.50 17.78,14.26
             17.74,14.02 17.71,13.78 17.70,13.72
             17.68,13.58 17.62,13.16 17.58,12.89
             17.56,12.77 17.53,12.59 17.52,12.49
             17.43,11.83 17.28,10.89 17.07,9.62
             17.01,9.27 16.95,8.94 16.95,8.90
             16.93,8.83 16.89,8.59 16.83,8.25
             16.78,7.98 16.72,7.64 16.72,7.62
             16.72,7.61 16.71,7.58 16.69,7.57M 14.64,7.57
           C 14.79,7.56 14.94,7.56 14.97,7.56
             14.99,7.57 15.03,7.57 15.05,7.57
             15.07,7.58 15.06,7.58 15.02,7.59
             15.02,7.59 14.94,7.61 14.94,7.61
             14.94,7.61 14.93,7.98 14.93,7.98
             14.92,8.18 14.90,8.55 14.88,8.80
             14.87,9.04 14.85,9.63 14.83,10.12
             14.82,10.60 14.80,11.07 14.79,11.16
             14.75,11.48 14.71,11.71 14.69,11.85
             14.68,11.92 14.66,12.08 14.64,12.21
             14.63,12.33 14.60,12.51 14.59,12.60
             14.58,12.69 14.56,12.88 14.54,13.01
             14.53,13.14 14.50,13.36 14.48,13.50
             14.46,13.64 14.44,13.88 14.42,14.03
             14.41,14.18 14.39,14.39 14.38,14.50
             14.36,14.60 14.34,14.80 14.33,14.94
             14.31,15.08 14.29,15.36 14.27,15.56
             14.23,15.97 14.19,16.33 14.16,16.79
             14.14,16.97 14.12,17.30 14.10,17.52
             14.05,18.12 13.98,19.08 13.94,19.93
             13.93,20.19 13.90,20.70 13.88,21.07
             13.86,21.43 13.84,21.87 13.84,22.04
             13.84,22.04 13.84,22.36 13.84,22.36
             13.84,22.36 13.98,22.37 13.98,22.37
             14.06,22.38 13.97,22.38 13.78,22.37
             13.60,22.36 13.38,22.36 13.29,22.35
             13.21,22.35 13.14,22.34 13.14,22.33
             13.14,22.30 13.04,22.29 13.01,22.31
             12.98,22.33 12.97,22.33 12.96,22.30
             12.96,22.28 12.93,22.27 12.91,22.27
             12.89,22.27 12.87,22.24 12.87,22.21
             12.87,22.08 12.93,21.50 12.95,21.50
             12.96,21.50 12.98,21.33 13.00,21.13
             13.01,20.92 13.04,20.75 13.05,20.75
             13.06,20.75 13.07,20.65 13.08,20.53
             13.09,20.40 13.11,20.30 13.12,20.30
             13.13,20.30 13.14,20.20 13.15,20.09
             13.16,19.97 13.18,19.77 13.20,19.64
             13.22,19.50 13.24,19.26 13.25,19.10
             13.26,18.93 13.27,18.71 13.29,18.60
             13.30,18.50 13.33,18.16 13.35,17.86
             13.39,17.21 13.42,16.79 13.45,16.49
             13.47,16.37 13.49,16.10 13.50,15.88
             13.52,15.66 13.54,15.40 13.55,15.29
             13.57,15.19 13.59,14.88 13.61,14.62
             13.65,14.10 13.68,13.76 13.72,13.42
             13.74,13.30 13.76,13.01 13.78,12.78
             13.80,12.55 13.83,12.22 13.85,12.04
             13.87,11.86 13.90,11.52 13.92,11.28
             13.95,11.04 13.97,10.77 13.99,10.68
             14.00,10.59 14.02,10.36 14.04,10.18
             14.05,9.99 14.07,9.78 14.09,9.71
             14.10,9.64 14.12,9.46 14.13,9.32
             14.15,9.08 14.22,8.46 14.28,7.89
             14.32,7.56 14.30,7.58 14.64,7.57M 16.20,7.56
           C 16.17,7.56 16.19,7.55 16.24,7.55
             16.28,7.55 16.30,7.56 16.28,7.56
             16.26,7.57 16.22,7.57 16.20,7.56M 18.06,22.27
           C 18.07,22.25 18.11,22.24 18.16,22.24
             18.22,22.24 18.23,22.25 18.20,22.27
             18.15,22.30 18.05,22.30 18.06,22.27M 14.87,22.43
           C 14.78,22.42 14.81,22.42 14.97,22.43
             15.09,22.43 15.19,22.44 15.20,22.45
             15.21,22.46 15.00,22.45 14.87,22.43M 15.88,22.48
           C 15.84,22.47 15.87,22.47 15.94,22.47
             16.00,22.46 16.03,22.47 16.00,22.48
             15.97,22.48 15.92,22.48 15.88,22.48M 15.51,4.31
           C 15.51,4.29 15.59,4.28 15.69,4.28
             15.80,4.28 15.88,4.29 15.88,4.31
             15.88,4.32 15.80,4.33 15.69,4.33
             15.59,4.33 15.51,4.32 15.51,4.31M 14.31,4.35
           C 14.30,4.34 14.39,4.33 14.57,4.33
             14.72,4.33 14.84,4.33 14.83,4.34
             14.81,4.36 14.33,4.38 14.31,4.35M 16.18,4.36
           C 16.08,4.34 16.13,4.34 16.39,4.33
             16.60,4.33 16.72,4.34 16.72,4.35
             16.72,4.38 16.36,4.38 16.18,4.36M 13.79,4.38
           C 13.79,4.36 13.88,4.35 14.01,4.35
             14.14,4.35 14.23,4.36 14.23,4.38
             14.23,4.39 14.14,4.40 14.01,4.40
             13.88,4.40 13.79,4.39 13.79,4.38M 16.88,4.38
           C 16.87,4.36 16.92,4.35 17.01,4.35
             17.09,4.35 17.16,4.37 17.16,4.38
             17.16,4.39 17.10,4.40 17.03,4.40
             16.95,4.40 16.89,4.39 16.88,4.38M 13.43,4.40
           C 13.43,4.39 13.50,4.38 13.59,4.38
             13.79,4.38 13.77,4.42 13.56,4.44
             13.48,4.44 13.39,4.45 13.35,4.46
             13.31,4.47 13.14,4.49 12.97,4.51
             11.98,4.64 11.06,4.89 11.06,5.03
             11.06,5.05 11.05,5.07 11.04,5.07
             11.03,5.07 11.01,5.13 11.00,5.19
             10.99,5.26 10.98,5.31 10.96,5.31
             10.95,5.31 10.93,5.38 10.91,5.47
             10.90,5.56 10.88,5.63 10.86,5.63
             10.85,5.63 10.84,5.68 10.83,5.73
             10.82,5.79 10.80,5.84 10.80,5.84
             10.79,5.84 10.76,5.91 10.75,5.99
             10.73,6.08 10.71,6.15 10.70,6.16
             10.68,6.16 10.66,6.24 10.64,6.33
             10.63,6.42 10.61,6.49 10.60,6.49
             10.59,6.49 10.57,6.53 10.57,6.58
             10.56,6.62 10.54,6.66 10.52,6.66
             10.51,6.66 10.52,6.68 10.54,6.70
             10.56,6.72 10.58,6.73 10.60,6.73
             10.61,6.73 10.62,6.74 10.63,6.75
             10.64,6.78 10.90,6.91 11.03,6.95
             11.11,6.97 11.15,6.99 11.12,6.99
             11.06,7.00 10.81,6.91 10.59,6.81
             10.33,6.69 10.22,6.64 10.20,6.64
             10.19,6.64 10.12,6.59 10.05,6.53
             9.88,6.40 9.82,6.39 9.79,6.52
             9.78,6.57 9.76,6.61 9.75,6.61
             9.74,6.61 9.73,6.64 9.72,6.68
             9.71,6.72 9.68,6.80 9.66,6.86
             9.63,6.92 9.61,6.99 9.61,7.01
             9.61,7.03 9.60,7.04 9.59,7.04
             9.57,7.04 9.55,7.10 9.53,7.18
             9.52,7.25 9.49,7.31 9.48,7.31
             9.47,7.31 9.46,7.34 9.45,7.39
             9.44,7.43 9.42,7.49 9.40,7.52
             9.34,7.65 9.30,7.75 9.28,7.81
             9.27,7.84 9.25,7.90 9.23,7.94
             9.21,7.98 9.18,8.07 9.15,8.13
             9.12,8.19 9.10,8.26 9.10,8.27
             9.10,8.29 9.08,8.35 9.05,8.40
             9.03,8.45 9.00,8.52 9.00,8.54
             9.00,8.56 8.99,8.58 8.98,8.58
             8.97,8.58 8.95,8.62 8.94,8.66
             8.93,8.70 8.91,8.76 8.89,8.80
             8.88,8.83 8.85,8.89 8.83,8.94
             8.82,8.99 8.79,9.06 8.77,9.10
             8.70,9.25 8.67,9.34 8.65,9.40
             8.63,9.47 8.58,9.60 8.53,9.68
             8.52,9.72 8.49,9.77 8.49,9.81
             8.48,9.85 8.46,9.88 8.45,9.88
             8.43,9.88 8.42,9.91 8.41,9.96
             8.40,10.01 8.38,10.04 8.37,10.04
             8.36,10.04 8.34,10.09 8.33,10.15
             8.31,10.21 8.29,10.26 8.28,10.26
             8.27,10.26 8.25,10.31 8.23,10.37
             8.22,10.43 8.19,10.48 8.18,10.48
             8.17,10.48 8.16,10.50 8.16,10.54
             8.16,10.57 8.14,10.61 8.12,10.63
             8.10,10.65 8.07,10.71 8.05,10.77
             8.04,10.84 8.02,10.89 8.01,10.89
             8.00,10.89 7.98,10.92 7.97,10.96
             7.97,11.00 7.95,11.03 7.94,11.03
             7.93,11.03 7.91,11.08 7.89,11.14
             7.88,11.20 7.86,11.25 7.84,11.25
             7.83,11.25 7.81,11.30 7.79,11.37
             7.78,11.43 7.75,11.49 7.74,11.49
             7.73,11.49 7.72,11.52 7.71,11.56
             7.70,11.60 7.68,11.63 7.67,11.63
             7.67,11.63 7.64,11.68 7.63,11.74
             7.61,11.80 7.59,11.85 7.58,11.85
             7.56,11.85 7.55,11.87 7.55,11.90
             7.55,11.94 7.53,11.98 7.52,12.00
             7.50,12.02 7.47,12.08 7.45,12.14
             7.43,12.20 7.41,12.25 7.40,12.25
             7.39,12.25 7.38,12.29 7.37,12.33
             7.36,12.37 7.35,12.40 7.34,12.40
             7.33,12.40 7.31,12.45 7.29,12.51
             7.27,12.57 7.25,12.61 7.24,12.61
             7.23,12.61 7.20,12.67 7.19,12.73
             7.17,12.80 7.15,12.85 7.14,12.85
             7.13,12.85 7.11,12.89 7.10,12.94
             7.09,12.98 7.08,13.02 7.07,13.02
             7.06,13.02 7.04,13.07 7.02,13.12
             7.01,13.17 6.98,13.21 6.97,13.21
             6.96,13.21 6.95,13.24 6.95,13.27
             6.95,13.30 6.93,13.35 6.91,13.37
             6.89,13.39 6.86,13.45 6.84,13.51
             6.83,13.57 6.81,13.62 6.80,13.62
             6.79,13.62 6.77,13.65 6.76,13.69
             6.76,13.73 6.74,13.77 6.73,13.77
             6.72,13.77 6.70,13.82 6.68,13.87
             6.67,13.93 6.65,13.98 6.63,13.98
             6.62,13.98 6.60,14.04 6.58,14.10
             6.57,14.17 6.54,14.22 6.53,14.22
             6.52,14.22 6.51,14.26 6.50,14.31
             6.49,14.35 6.47,14.39 6.46,14.39
             6.45,14.39 6.43,14.43 6.42,14.49
             6.40,14.54 6.38,14.58 6.37,14.58
             6.36,14.58 6.34,14.62 6.33,14.67
             6.32,14.71 6.31,14.75 6.29,14.75
             6.28,14.75 6.26,14.80 6.24,14.87
             6.23,14.94 6.21,14.99 6.20,14.99
             6.18,14.99 6.17,15.02 6.16,15.06
             6.15,15.10 6.14,15.14 6.13,15.14
             6.12,15.14 6.10,15.18 6.08,15.24
             6.06,15.30 6.04,15.35 6.03,15.35
             6.02,15.35 5.99,15.41 5.98,15.47
             5.96,15.54 5.94,15.59 5.93,15.59
             5.92,15.59 5.90,15.63 5.89,15.68
             5.88,15.72 5.87,15.76 5.86,15.76
             5.85,15.76 5.83,15.80 5.81,15.86
             5.79,15.91 5.77,15.95 5.76,15.95
             5.75,15.95 5.73,15.99 5.73,16.04
             5.72,16.08 5.70,16.12 5.69,16.12
             5.68,16.12 5.66,16.17 5.64,16.24
             5.62,16.31 5.60,16.36 5.59,16.36
             5.58,16.36 5.57,16.39 5.56,16.42
             5.55,16.45 5.53,16.48 5.52,16.48
             5.50,16.48 5.49,16.50 5.49,16.53
             5.49,16.57 5.45,16.70 5.42,16.72
             5.41,16.73 5.39,16.78 5.37,16.85
             5.36,16.91 5.33,16.96 5.32,16.96
             5.31,16.96 5.30,17.00 5.29,17.04
             5.28,17.09 5.26,17.13 5.25,17.13
             5.24,17.13 5.22,17.17 5.20,17.22
             5.19,17.28 5.16,17.32 5.15,17.32
             5.14,17.32 5.13,17.36 5.12,17.40
             5.11,17.45 5.10,17.49 5.08,17.49
             5.07,17.49 5.05,17.54 5.03,17.61
             5.02,17.67 5.00,17.73 4.99,17.73
             4.95,17.73 4.94,17.82 4.98,17.89
             4.99,17.93 5.00,17.97 5.00,17.97
             4.99,17.97 5.00,17.99 5.02,18.02
             5.04,18.05 5.06,18.09 5.06,18.11
             5.06,18.13 5.08,18.19 5.11,18.24
             5.13,18.29 5.16,18.35 5.16,18.37
             5.16,18.39 5.17,18.44 5.19,18.47
             5.22,18.50 5.23,18.53 5.22,18.54
             5.21,18.54 5.22,18.57 5.24,18.60
             5.26,18.63 5.28,18.66 5.28,18.68
             5.28,18.71 5.33,18.78 5.45,18.91
             5.55,19.01 5.50,19.01 5.40,18.90
             5.28,18.79 5.21,18.68 5.19,18.57
             5.18,18.53 5.17,18.50 5.16,18.50
             5.14,18.50 5.12,18.44 5.11,18.38
             5.09,18.31 5.07,18.26 5.06,18.26
             5.05,18.26 5.03,18.22 5.02,18.17
             5.02,18.13 5.00,18.09 4.99,18.09
             4.98,18.09 4.96,18.03 4.94,17.97
             4.92,17.90 4.90,17.85 4.89,17.85
             4.88,17.85 4.86,17.81 4.85,17.77
             4.85,17.72 4.83,17.68 4.81,17.67
             4.77,17.66 4.78,16.29 4.81,16.27
             4.82,16.26 4.84,16.23 4.85,16.19
             4.86,16.16 4.89,16.12 4.90,16.10
             4.92,16.08 4.94,16.03 4.95,15.99
             4.96,15.94 4.98,15.90 4.99,15.90
             5.00,15.90 5.01,15.87 5.02,15.83
             5.03,15.79 5.05,15.76 5.06,15.76
             5.07,15.76 5.09,15.71 5.11,15.64
             5.13,15.57 5.15,15.52 5.16,15.52
             5.17,15.52 5.19,15.48 5.21,15.42
             5.22,15.37 5.24,15.33 5.25,15.33
             5.27,15.33 5.28,15.29 5.29,15.24
             5.30,15.20 5.31,15.16 5.32,15.16
             5.33,15.16 5.35,15.12 5.37,15.06
             5.39,15.01 5.41,14.97 5.42,14.97
             5.43,14.97 5.45,14.93 5.46,14.89
             5.47,14.86 5.48,14.82 5.49,14.82
             5.50,14.82 5.52,14.77 5.54,14.70
             5.56,14.64 5.58,14.58 5.59,14.58
             5.60,14.58 5.62,14.56 5.63,14.52
             5.64,14.49 5.65,14.46 5.66,14.46
             5.67,14.46 5.69,14.41 5.71,14.34
             5.73,14.28 5.75,14.22 5.76,14.22
             5.77,14.22 5.79,14.18 5.81,14.13
             5.83,14.07 5.85,14.03 5.86,14.03
             5.87,14.03 5.88,13.99 5.89,13.95
             5.90,13.90 5.92,13.86 5.93,13.86
             5.94,13.86 5.96,13.82 5.98,13.77
             5.99,13.71 6.01,13.67 6.03,13.67
             6.04,13.67 6.05,13.64 6.05,13.61
             6.05,13.58 6.07,13.54 6.08,13.52
             6.10,13.50 6.13,13.44 6.15,13.39
             6.17,13.33 6.19,13.29 6.20,13.29
             6.21,13.29 6.22,13.25 6.23,13.20
             6.24,13.16 6.26,13.12 6.27,13.12
             6.28,13.12 6.30,13.07 6.32,13.02
             6.34,12.97 6.36,12.93 6.37,12.93
             6.38,12.93 6.40,12.87 6.41,12.81
             6.43,12.74 6.45,12.69 6.46,12.69
             6.47,12.69 6.49,12.66 6.50,12.63
             6.50,12.59 6.52,12.57 6.53,12.57
             6.54,12.57 6.57,12.51 6.58,12.45
             6.60,12.38 6.62,12.33 6.63,12.33
             6.64,12.33 6.66,12.29 6.67,12.25
             6.68,12.21 6.69,12.18 6.70,12.18
             6.72,12.18 6.74,12.14 6.76,12.08
             6.77,12.02 6.79,11.97 6.80,11.97
             6.81,11.96 6.83,11.91 6.85,11.86
             6.87,11.81 6.90,11.75 6.91,11.73
             6.93,11.71 6.95,11.67 6.95,11.64
             6.95,11.61 6.96,11.58 6.97,11.58
             6.98,11.58 7.01,11.54 7.02,11.49
             7.04,11.43 7.06,11.39 7.07,11.39
             7.08,11.39 7.10,11.35 7.10,11.31
             7.11,11.26 7.13,11.22 7.14,11.22
             7.15,11.22 7.17,11.18 7.19,11.13
             7.21,11.07 7.23,11.03 7.24,11.03
             7.25,11.03 7.26,11.00 7.27,10.96
             7.28,10.92 7.30,10.89 7.31,10.89
             7.32,10.89 7.34,10.84 7.35,10.78
             7.37,10.72 7.39,10.67 7.40,10.67
             7.42,10.67 7.44,10.62 7.46,10.55
             7.47,10.48 7.50,10.43 7.51,10.43
             7.51,10.43 7.53,10.40 7.54,10.36
             7.55,10.32 7.56,10.28 7.57,10.28
             7.58,10.28 7.61,10.24 7.62,10.19
             7.64,10.14 7.66,10.09 7.67,10.09
             7.68,10.09 7.70,10.06 7.71,10.01
             7.72,9.96 7.73,9.92 7.74,9.92
             7.75,9.92 7.77,9.88 7.79,9.83
             7.81,9.78 7.83,9.73 7.84,9.73
             7.86,9.73 7.87,9.71 7.87,9.67
             7.87,9.64 7.88,9.60 7.90,9.58
             7.92,9.57 7.94,9.51 7.96,9.46
             7.98,9.40 8.00,9.36 8.01,9.35
             8.02,9.34 8.04,9.29 8.06,9.23
             8.07,9.18 8.09,9.13 8.11,9.13
             8.12,9.13 8.13,9.10 8.14,9.06
             8.15,9.02 8.17,8.99 8.18,8.99
             8.19,8.99 8.21,8.93 8.23,8.87
             8.24,8.80 8.27,8.75 8.28,8.75
             8.29,8.75 8.31,8.72 8.32,8.69
             8.32,8.66 8.34,8.63 8.35,8.63
             8.36,8.63 8.38,8.57 8.40,8.51
             8.41,8.44 8.44,8.39 8.45,8.39
             8.46,8.39 8.47,8.36 8.48,8.33
             8.49,8.30 8.51,8.27 8.52,8.27
             8.53,8.27 8.55,8.21 8.57,8.15
             8.59,8.08 8.61,8.03 8.62,8.03
             8.63,8.03 8.64,8.01 8.64,8.00
             8.64,7.98 8.67,7.91 8.70,7.85
             8.73,7.79 8.76,7.72 8.76,7.70
             8.76,7.68 8.77,7.67 8.78,7.67
             8.79,7.67 8.82,7.62 8.83,7.56
             8.85,7.50 8.87,7.45 8.88,7.45
             8.89,7.45 8.91,7.42 8.92,7.39
             8.92,7.36 8.94,7.33 8.95,7.33
             8.97,7.33 8.98,7.31 8.98,7.29
             8.98,7.24 9.03,7.09 9.05,7.09
             9.06,7.09 9.08,7.06 9.09,7.02
             9.10,6.98 9.11,6.95 9.12,6.95
             9.13,6.95 9.15,6.90 9.17,6.84
             9.18,6.78 9.21,6.73 9.22,6.73
             9.23,6.73 9.25,6.68 9.27,6.61
             9.29,6.55 9.31,6.49 9.32,6.49
             9.33,6.49 9.34,6.46 9.35,6.42
             9.36,6.38 9.38,6.35 9.39,6.35
             9.40,6.35 9.43,6.30 9.44,6.25
             9.46,6.20 9.48,6.16 9.49,6.16
             9.50,6.16 9.51,6.12 9.52,6.07
             9.53,6.02 9.55,5.99 9.56,5.99
             9.57,5.99 9.59,5.94 9.61,5.89
             9.63,5.84 9.65,5.79 9.66,5.79
             9.67,5.79 9.69,5.74 9.71,5.68
             9.74,5.58 9.80,5.48 9.85,5.48
             9.86,5.48 9.89,5.46 9.92,5.42
             9.95,5.39 9.99,5.36 10.01,5.36
             10.03,5.36 10.04,5.35 10.04,5.34
             10.04,5.32 10.07,5.30 10.11,5.28
             10.15,5.27 10.19,5.24 10.20,5.23
             10.21,5.21 10.23,5.19 10.25,5.19
             10.27,5.19 10.29,5.19 10.29,5.18
             10.29,5.17 10.33,5.14 10.39,5.13
             10.45,5.11 10.50,5.09 10.50,5.08
             10.50,5.06 10.54,5.05 10.58,5.04
             10.62,5.03 10.65,5.01 10.65,5.00
             10.65,4.99 10.71,4.97 10.78,4.95
             10.85,4.94 10.91,4.92 10.91,4.91
             10.91,4.90 10.97,4.88 11.04,4.87
             11.10,4.86 11.16,4.85 11.16,4.84
             11.16,4.82 11.23,4.80 11.32,4.79
             11.41,4.77 11.49,4.75 11.50,4.74
             11.50,4.72 11.61,4.70 11.72,4.69
             11.84,4.67 11.93,4.65 11.93,4.64
             11.93,4.63 12.01,4.62 12.10,4.61
             12.19,4.60 12.27,4.58 12.27,4.57
             12.27,4.55 12.67,4.50 12.81,4.50
             12.86,4.50 12.90,4.49 12.90,4.48
             12.90,4.47 13.02,4.45 13.16,4.44
             13.31,4.43 13.43,4.41 13.43,4.40M 17.21,4.40
           C 17.21,4.39 17.27,4.38 17.36,4.38
             17.49,4.38 17.52,4.39 17.52,4.42
             17.52,4.45 17.50,4.45 17.41,4.44
             17.35,4.43 17.28,4.43 17.25,4.43
             17.23,4.43 17.21,4.42 17.21,4.40M 17.58,4.45
           C 17.57,4.43 17.63,4.42 17.83,4.44
             17.97,4.45 18.09,4.46 18.10,4.47
             18.11,4.48 18.25,4.51 18.42,4.52
             18.59,4.54 18.73,4.56 18.73,4.57
             18.73,4.58 18.80,4.59 18.89,4.60
             18.98,4.61 19.06,4.63 19.07,4.64
             19.08,4.65 19.17,4.67 19.27,4.69
             19.38,4.71 19.48,4.74 19.49,4.75
             19.50,4.77 19.52,4.78 19.53,4.77
             19.56,4.75 19.88,4.82 19.91,4.85
             19.93,4.87 19.97,4.88 20.00,4.88
             20.03,4.88 20.06,4.89 20.06,4.90
             20.06,4.91 20.12,4.94 20.19,4.95
             20.27,4.97 20.33,4.99 20.33,5.00
             20.33,5.01 20.37,5.03 20.42,5.04
             20.48,5.05 20.52,5.06 20.52,5.07
             20.52,5.08 20.56,5.10 20.61,5.12
             20.65,5.14 20.69,5.16 20.69,5.18
             20.69,5.19 20.71,5.19 20.73,5.19
             20.75,5.19 20.77,5.21 20.78,5.23
             20.79,5.25 20.82,5.27 20.86,5.28
             20.90,5.29 20.95,5.31 20.98,5.34
             21.01,5.37 21.05,5.39 21.07,5.39
             21.09,5.39 21.12,5.42 21.13,5.46
             21.14,5.49 21.18,5.54 21.21,5.55
             21.24,5.57 21.28,5.62 21.29,5.65
             21.31,5.69 21.33,5.72 21.34,5.72
             21.35,5.72 21.37,5.76 21.38,5.79
             21.39,5.83 21.41,5.87 21.42,5.87
             21.43,5.87 21.45,5.91 21.47,5.96
             21.48,6.02 21.50,6.06 21.51,6.06
             21.52,6.06 21.55,6.11 21.56,6.18
             21.58,6.25 21.60,6.30 21.61,6.30
             21.62,6.30 21.64,6.33 21.65,6.36
             21.66,6.39 21.67,6.42 21.68,6.42
             21.69,6.42 21.71,6.47 21.73,6.53
             21.75,6.60 21.77,6.65 21.78,6.66
             21.81,6.68 21.92,6.94 21.92,6.98
             21.92,7.00 21.93,7.02 21.95,7.02
             21.96,7.02 21.98,7.05 21.99,7.09
             21.99,7.13 22.01,7.16 22.02,7.16
             22.04,7.16 22.06,7.21 22.07,7.27
             22.09,7.33 22.11,7.38 22.12,7.38
             22.13,7.38 22.15,7.43 22.17,7.49
             22.18,7.55 22.21,7.60 22.22,7.60
             22.23,7.60 22.24,7.61 22.24,7.63
             22.24,7.65 22.25,7.68 22.27,7.70
             22.29,7.71 22.32,7.78 22.33,7.84
             22.35,7.90 22.38,7.96 22.39,7.96
             22.40,7.96 22.41,7.99 22.42,8.03
             22.43,8.07 22.44,8.10 22.45,8.10
             22.46,8.10 22.48,8.15 22.50,8.21
             22.52,8.27 22.54,8.32 22.55,8.32
             22.56,8.32 22.58,8.35 22.59,8.39
             22.60,8.43 22.61,8.46 22.63,8.46
             22.64,8.46 22.66,8.51 22.67,8.58
             22.69,8.65 22.71,8.70 22.72,8.70
             22.74,8.70 22.76,8.74 22.77,8.80
             22.79,8.85 22.81,8.89 22.82,8.89
             22.83,8.89 22.85,8.93 22.85,8.98
             22.86,9.02 22.88,9.06 22.89,9.06
             22.90,9.06 22.92,9.10 22.94,9.16
             22.96,9.21 22.98,9.25 22.99,9.25
             23.00,9.25 23.02,9.29 23.02,9.34
             23.03,9.38 23.05,9.42 23.06,9.42
             23.08,9.42 23.09,9.44 23.09,9.45
             23.09,9.47 23.11,9.53 23.14,9.59
             23.18,9.65 23.21,9.73 23.22,9.78
             23.23,9.82 23.24,9.85 23.26,9.85
             23.27,9.85 23.28,9.89 23.29,9.92
             23.30,9.96 23.32,10.00 23.33,10.00
             23.34,10.00 23.36,10.05 23.37,10.10
             23.39,10.16 23.41,10.21 23.42,10.21
             23.44,10.21 23.45,10.25 23.46,10.28
             23.47,10.32 23.49,10.36 23.50,10.36
             23.51,10.36 23.53,10.41 23.55,10.47
             23.56,10.53 23.58,10.59 23.59,10.60
             23.62,10.62 23.74,10.88 23.74,10.92
             23.74,10.94 23.75,10.96 23.76,10.96
             23.77,10.96 23.79,11.00 23.81,11.05
             23.83,11.11 23.85,11.15 23.86,11.15
             23.87,11.15 23.89,11.18 23.90,11.22
             23.91,11.26 23.92,11.29 23.93,11.29
             23.94,11.29 23.96,11.35 23.98,11.41
             24.00,11.48 24.02,11.53 24.03,11.53
             24.04,11.53 24.06,11.56 24.07,11.59
             24.08,11.63 24.09,11.65 24.10,11.65
             24.11,11.65 24.13,11.71 24.15,11.77
             24.16,11.84 24.19,11.89 24.20,11.90
             24.22,11.91 24.31,12.09 24.33,12.18
             24.34,12.22 24.36,12.25 24.37,12.25
             24.38,12.25 24.40,12.30 24.42,12.36
             24.43,12.42 24.46,12.47 24.47,12.47
             24.48,12.47 24.49,12.49 24.49,12.50
             24.49,12.52 24.52,12.59 24.55,12.65
             24.58,12.71 24.61,12.78 24.61,12.80
             24.61,12.82 24.62,12.83 24.63,12.83
             24.65,12.83 24.66,12.87 24.67,12.91
             24.68,12.96 24.70,13.00 24.71,13.00
             24.72,13.00 24.74,13.04 24.76,13.09
             24.77,13.15 24.80,13.19 24.81,13.19
             24.82,13.19 24.83,13.23 24.84,13.27
             24.85,13.32 24.87,13.36 24.88,13.36
             24.89,13.36 24.91,13.40 24.92,13.45
             24.94,13.51 24.96,13.55 24.97,13.55
             24.98,13.55 25.01,13.60 25.02,13.67
             25.04,13.74 25.06,13.79 25.07,13.79
             25.08,13.79 25.10,13.82 25.11,13.86
             25.12,13.90 25.13,13.93 25.14,13.93
             25.16,13.93 25.18,13.98 25.20,14.04
             25.21,14.10 25.23,14.15 25.24,14.15
             25.25,14.15 25.27,14.18 25.28,14.22
             25.28,14.26 25.30,14.29 25.31,14.29
             25.32,14.29 25.34,14.34 25.36,14.39
             25.38,14.44 25.40,14.49 25.41,14.49
             25.42,14.49 25.44,14.52 25.44,14.57
             25.45,14.62 25.47,14.65 25.48,14.65
             25.49,14.65 25.51,14.70 25.53,14.76
             25.55,14.82 25.57,14.87 25.58,14.87
             25.59,14.87 25.61,14.92 25.62,14.98
             25.64,15.04 25.67,15.09 25.68,15.09
             25.69,15.09 25.70,15.12 25.71,15.16
             25.72,15.20 25.74,15.23 25.75,15.23
             25.76,15.23 25.78,15.29 25.80,15.35
             25.81,15.42 25.83,15.47 25.85,15.47
             25.86,15.47 25.87,15.50 25.88,15.53
             25.89,15.56 25.91,15.59 25.92,15.59
             25.93,15.59 25.95,15.65 25.97,15.72
             25.98,15.80 26.01,15.86 26.02,15.86
             26.02,15.86 26.04,15.93 26.05,16.01
             26.06,16.10 26.08,16.17 26.09,16.17
             26.10,16.17 26.12,16.26 26.14,16.38
             26.15,16.49 26.18,16.59 26.18,16.60
             26.20,16.61 26.26,16.90 26.26,16.99
             26.26,17.12 26.21,17.05 26.20,16.89
             26.19,16.80 26.17,16.73 26.16,16.72
             26.15,16.72 26.14,16.70 26.14,16.67
             26.14,16.62 26.07,16.45 25.97,16.24
             25.94,16.17 25.85,15.96 25.77,15.78
             25.69,15.61 25.60,15.42 25.58,15.36
             25.55,15.31 25.39,14.95 25.22,14.56
             25.04,14.17 24.87,13.78 24.83,13.70
             24.79,13.62 24.76,13.55 24.76,13.54
             24.76,13.53 24.73,13.47 24.70,13.40
             24.55,13.07 24.51,12.99 24.36,12.65
             24.27,12.45 24.17,12.23 24.14,12.17
             24.10,12.10 24.08,12.04 24.08,12.03
             24.08,12.02 24.02,11.90 23.96,11.76
             23.89,11.62 23.84,11.50 23.84,11.50
             23.84,11.49 23.80,11.41 23.75,11.31
             23.71,11.22 23.64,11.06 23.60,10.96
             23.55,10.86 23.49,10.72 23.46,10.66
             23.34,10.39 23.13,9.95 23.13,9.93
             23.13,9.92 22.93,9.47 22.75,9.07
             22.71,8.99 22.65,8.86 22.61,8.78
             22.47,8.45 22.33,8.15 22.26,8.00
             22.22,7.92 22.16,7.79 22.12,7.72
             22.09,7.64 22.04,7.53 22.01,7.46
             21.98,7.40 21.90,7.22 21.83,7.08
             21.77,6.93 21.67,6.72 21.61,6.60
             21.55,6.48 21.48,6.31 21.44,6.23
             21.44,6.23 21.37,6.08 21.37,6.08
             21.37,6.08 21.24,6.23 21.24,6.23
             21.16,6.31 21.10,6.40 21.10,6.41
             21.10,6.43 21.07,6.46 21.02,6.48
             20.94,6.52 20.86,6.57 20.62,6.71
             20.54,6.76 20.44,6.81 20.39,6.82
             20.35,6.83 20.29,6.85 20.25,6.86
             20.19,6.90 20.02,6.96 19.86,7.00
             19.80,7.02 19.74,7.04 19.71,7.06
             19.68,7.08 19.63,7.09 19.59,7.09
             19.53,7.09 19.54,7.08 19.67,7.03
             19.95,6.93 20.03,6.88 19.94,6.88
             19.93,6.88 19.91,6.83 19.90,6.78
             19.90,6.73 19.88,6.68 19.87,6.68
             19.86,6.68 19.83,6.62 19.82,6.55
             19.80,6.48 19.78,6.42 19.77,6.42
             19.76,6.42 19.74,6.38 19.73,6.34
             19.72,6.29 19.71,6.25 19.70,6.25
             19.69,6.25 19.67,6.19 19.65,6.12
             19.64,6.05 19.61,5.99 19.60,5.99
             19.59,5.99 19.57,5.94 19.57,5.89
             19.56,5.84 19.54,5.79 19.53,5.79
             19.52,5.79 19.49,5.74 19.48,5.66
             19.46,5.59 19.44,5.53 19.43,5.53
             19.42,5.53 19.41,5.50 19.40,5.45
             19.36,5.27 19.35,5.24 19.33,5.24
             19.32,5.24 19.31,5.20 19.30,5.15
             19.29,5.09 19.27,5.05 19.26,5.05
             19.25,5.05 19.23,4.99 19.21,4.92
             19.16,4.71 19.10,4.69 18.30,4.56
             18.17,4.54 18.03,4.51 17.97,4.50
             17.92,4.49 17.81,4.48 17.73,4.47
             17.66,4.47 17.59,4.46 17.58,4.45M 11.28,7.04
           C 11.28,7.03 11.32,7.04 11.38,7.05
             11.43,7.06 11.47,7.08 11.46,7.08
             11.45,7.10 11.28,7.06 11.28,7.04M 11.62,7.14
           C 11.59,7.12 11.60,7.12 11.65,7.13
             11.74,7.15 11.76,7.16 11.70,7.16
             11.67,7.16 11.64,7.15 11.62,7.14M 13.91,7.49
           C 13.88,7.49 13.90,7.48 13.96,7.48
             14.02,7.48 14.05,7.49 14.02,7.49
             13.99,7.50 13.94,7.50 13.91,7.49M 17.05,7.49
           C 17.01,7.49 17.05,7.48 17.13,7.48
             17.22,7.48 17.26,7.49 17.21,7.49
             17.17,7.50 17.10,7.50 17.05,7.49M 26.18,17.15
           C 26.18,17.11 26.19,17.08 26.21,17.08
             26.22,17.08 26.23,17.11 26.23,17.15
             26.23,17.19 26.22,17.22 26.21,17.22
             26.19,17.22 26.18,17.19 26.18,17.15M 26.16,17.32
           C 26.16,17.28 26.17,17.25 26.18,17.25
             26.20,17.25 26.21,17.28 26.21,17.32
             26.21,17.36 26.20,17.39 26.18,17.39
             26.17,17.39 26.16,17.36 26.16,17.32M 26.12,17.45
           C 26.14,17.40 26.16,17.41 26.16,17.48
             26.16,17.53 26.15,17.54 26.13,17.52
             26.12,17.50 26.11,17.47 26.12,17.45M 26.09,17.63
           C 26.09,17.61 26.10,17.58 26.11,17.58
             26.12,17.58 26.14,17.61 26.14,17.63
             26.14,17.66 26.12,17.68 26.11,17.68
             26.10,17.68 26.09,17.66 26.09,17.63M 26.08,17.74
           C 26.11,17.72 26.11,17.73 26.11,17.79
             26.11,17.82 26.10,17.85 26.09,17.85
             26.06,17.85 26.05,17.77 26.08,17.74M 26.03,17.95
           C 26.04,17.91 26.05,17.91 26.06,17.95
             26.07,18.00 26.05,18.03 26.02,18.01
             26.01,18.00 26.02,17.98 26.03,17.95M 25.99,18.14
           C 25.99,18.11 26.00,18.09 26.01,18.09
             26.03,18.09 26.04,18.11 26.04,18.14
             26.04,18.16 26.03,18.18 26.01,18.18
             26.00,18.18 25.99,18.16 25.99,18.14M 25.73,18.55
           C 25.75,18.51 25.80,18.51 25.80,18.54
             25.80,18.57 25.75,18.60 25.73,18.58
             25.72,18.58 25.73,18.56 25.73,18.55M 25.67,18.65
           C 25.67,18.63 25.69,18.62 25.70,18.62
             25.74,18.62 25.72,18.67 25.68,18.68
             25.66,18.69 25.66,18.68 25.67,18.65M 25.59,18.76
           C 25.65,18.71 25.65,18.71 25.65,18.73
             25.65,18.76 25.58,18.84 25.56,18.83
             25.56,18.82 25.57,18.79 25.59,18.76M 25.45,18.97
           C 25.47,18.95 25.51,18.95 25.51,18.97
             25.51,18.99 25.49,19.00 25.47,19.01
             25.43,19.02 25.42,19.00 25.45,18.97M 5.52,19.04
           C 5.52,19.03 5.53,19.02 5.54,19.02
             5.57,19.02 5.88,19.37 5.87,19.38
             5.86,19.39 5.52,19.06 5.52,19.04M 25.25,19.28
           C 25.30,19.25 25.29,19.28 25.23,19.35
             25.22,19.36 25.20,19.39 25.18,19.42
             25.15,19.46 25.15,19.45 25.18,19.38
             25.20,19.34 25.23,19.29 25.25,19.28M 5.98,19.53
           C 5.98,19.49 6.00,19.50 6.12,19.63
             6.18,19.70 6.27,19.79 6.31,19.83
             6.36,19.88 6.39,19.92 6.38,19.93
             6.37,19.94 6.35,19.93 6.34,19.90
             6.32,19.88 6.29,19.84 6.26,19.82
             6.24,19.80 6.20,19.76 6.17,19.74
             6.12,19.68 6.09,19.64 6.03,19.60
             6.00,19.57 5.98,19.54 5.98,19.53M 24.92,19.60
           C 24.96,19.56 25.00,19.54 25.00,19.57
             25.00,19.59 24.92,19.65 24.89,19.65
             24.88,19.65 24.90,19.63 24.92,19.60M 24.75,19.73
           C 24.82,19.68 24.84,19.69 24.78,19.75
             24.75,19.78 24.72,19.79 24.72,19.79
             24.71,19.78 24.72,19.75 24.75,19.73M 24.62,19.83
           C 24.67,19.78 24.69,19.78 24.67,19.83
             24.66,19.85 24.64,19.87 24.62,19.87
             24.58,19.89 24.58,19.88 24.62,19.83M 24.43,19.99
           C 24.48,19.95 24.54,19.91 24.55,19.91
             24.56,19.91 24.55,19.93 24.51,19.95
             24.44,20.01 24.40,20.04 24.34,20.09
             24.31,20.11 24.28,20.13 24.28,20.12
             24.27,20.11 24.28,20.09 24.30,20.08
             24.32,20.07 24.38,20.03 24.43,19.99M 6.43,20.00
           C 6.42,19.97 6.42,19.96 6.44,19.97
             6.48,19.98 6.50,20.03 6.47,20.03
             6.45,20.03 6.44,20.02 6.43,20.00M 6.55,20.06
           C 6.48,20.03 6.52,20.03 6.59,20.06
             6.66,20.09 6.68,20.13 6.63,20.13
             6.62,20.13 6.61,20.12 6.61,20.11
             6.61,20.10 6.58,20.08 6.55,20.06M 24.14,20.20
           C 24.19,20.15 24.22,20.14 24.22,20.17
             24.22,20.19 24.15,20.25 24.12,20.25
             24.11,20.25 24.12,20.23 24.14,20.20M 6.86,20.26
           C 6.85,20.24 6.86,20.22 6.88,20.23
             6.91,20.24 6.93,20.30 6.90,20.30
             6.89,20.30 6.87,20.28 6.86,20.26M 7.02,20.35
           C 7.02,20.33 7.03,20.32 7.04,20.33
             7.06,20.33 7.08,20.35 7.09,20.37
             7.09,20.39 7.08,20.39 7.07,20.39
             7.05,20.38 7.03,20.36 7.02,20.35M 23.85,20.43
           C 23.90,20.38 23.91,20.38 23.89,20.43
             23.89,20.45 23.87,20.47 23.85,20.47
             23.80,20.49 23.80,20.48 23.85,20.43M 23.72,20.54
           C 23.75,20.51 23.78,20.50 23.79,20.50
             23.80,20.52 23.71,20.58 23.68,20.58
             23.67,20.59 23.69,20.56 23.72,20.54M 7.72,20.77
           C 7.72,20.74 7.74,20.75 7.81,20.80
             7.84,20.83 7.87,20.85 7.86,20.85
             7.82,20.85 7.72,20.79 7.72,20.77M 22.84,20.94
           C 22.92,20.92 22.93,20.92 22.88,20.96
             22.83,21.00 22.80,21.00 22.80,20.97
             22.80,20.96 22.81,20.94 22.84,20.94M 8.33,21.11
           C 8.33,21.10 8.34,21.09 8.36,21.09
             8.38,21.09 8.40,21.10 8.40,21.11
             8.40,21.13 8.38,21.14 8.36,21.14
             8.34,21.14 8.33,21.13 8.33,21.11M 8.59,21.21
           C 8.59,21.20 8.61,21.19 8.63,21.19
             8.65,21.19 8.66,21.20 8.66,21.21
             8.66,21.22 8.65,21.23 8.63,21.23
             8.61,21.23 8.59,21.22 8.59,21.21M 9.80,21.64
           C 9.80,21.63 9.82,21.62 9.84,21.62
             9.86,21.62 9.87,21.63 9.87,21.64
             9.87,21.66 9.86,21.67 9.84,21.67
             9.82,21.67 9.80,21.66 9.80,21.64M 21.15,21.64
           C 21.15,21.63 21.17,21.62 21.19,21.62
             21.21,21.62 21.22,21.63 21.22,21.64
             21.22,21.66 21.21,21.67 21.19,21.67
             21.17,21.67 21.15,21.66 21.15,21.64M 10.62,21.91
           C 10.62,21.88 10.65,21.88 10.70,21.91
             10.73,21.92 10.72,21.93 10.68,21.93
             10.65,21.93 10.62,21.92 10.62,21.91M 20.11,21.91
           C 20.11,21.89 20.13,21.88 20.15,21.88
             20.17,21.88 20.18,21.89 20.18,21.91
             20.18,21.92 20.17,21.93 20.15,21.93
             20.13,21.93 20.11,21.92 20.11,21.91M 10.99,21.98
           C 10.99,21.95 11.01,21.95 11.06,21.98
             11.09,22.00 11.09,22.00 11.04,22.00
             11.01,22.00 10.99,21.99 10.99,21.98M 19.48,22.07
           C 19.48,22.06 19.50,22.05 19.52,22.05
             19.54,22.05 19.55,22.06 19.55,22.07
             19.55,22.09 19.54,22.10 19.52,22.10
             19.50,22.10 19.48,22.09 19.48,22.07M 11.89,22.15
           C 11.88,22.12 11.93,22.12 11.98,22.15
             12.01,22.17 12.01,22.17 11.96,22.17
             11.93,22.17 11.90,22.16 11.89,22.15M 18.54,22.24
           C 18.54,22.23 18.56,22.22 18.59,22.22
             18.61,22.22 18.63,22.23 18.63,22.24
             18.63,22.26 18.61,22.27 18.59,22.27
             18.56,22.27 18.54,22.26 18.54,22.24M 13.92,22.43
           C 13.90,22.42 13.92,22.42 13.96,22.42
             14.01,22.42 14.03,22.42 14.01,22.43
             13.98,22.43 13.94,22.43 13.92,22.43M 15.64,7.57
           C 16.00,7.57 16.39,7.56 16.50,7.55
             16.72,7.55 16.70,7.52 16.76,7.85
             16.78,7.98 16.81,8.16 16.83,8.26
             16.85,8.35 16.88,8.53 16.90,8.65
             16.92,8.78 16.95,8.93 16.96,8.99
             16.98,9.05 17.03,9.37 17.08,9.70
             17.14,10.03 17.20,10.39 17.22,10.51
             17.33,11.18 17.46,12.05 17.52,12.49
             17.53,12.59 17.56,12.77 17.58,12.89
             17.62,13.16 17.68,13.58 17.70,13.72
             17.71,13.78 17.74,14.02 17.78,14.26
             17.81,14.50 17.87,14.98 17.92,15.34
             17.97,15.70 18.03,16.16 18.05,16.37
             18.08,16.58 18.11,16.85 18.13,16.97
             18.14,17.09 18.17,17.31 18.19,17.45
             18.20,17.60 18.24,17.92 18.27,18.16
             18.30,18.40 18.34,18.73 18.36,18.88
             18.41,19.22 18.44,22.12 18.39,22.21
             18.37,22.25 18.35,22.25 18.23,22.25
             18.15,22.24 18.09,22.25 18.07,22.26
             18.06,22.28 17.99,22.29 17.93,22.29
             17.86,22.29 17.81,22.30 17.81,22.31
             17.81,22.33 17.79,22.34 17.77,22.34
             17.73,22.34 17.73,22.27 17.77,22.26
             17.84,22.24 17.82,19.69 17.74,17.27
             17.70,16.13 17.62,15.43 17.34,13.60
             17.30,13.38 17.27,13.14 17.25,13.06
             17.20,12.65 16.98,11.35 16.81,10.44
             16.75,10.12 16.56,9.17 16.49,8.90
             16.48,8.83 16.43,8.63 16.40,8.47
             16.36,8.31 16.32,8.16 16.31,8.12
             16.27,8.00 16.21,7.80 16.19,7.70
             16.19,7.70 16.16,7.60 16.16,7.60
             16.16,7.60 15.83,7.60 15.83,7.60
             15.83,7.60 15.49,7.60 15.49,7.60
             15.49,7.60 15.48,7.67 15.48,7.67
             15.45,7.83 15.39,8.31 15.37,8.57
             15.30,9.23 15.27,9.57 15.26,9.80
             15.25,9.94 15.23,10.24 15.22,10.47
             15.18,11.25 15.13,12.68 15.12,13.17
             15.12,13.44 15.11,13.70 15.10,13.74
             15.09,13.79 15.07,13.93 15.05,14.07
             15.04,14.20 15.02,14.39 15.00,14.50
             14.96,14.83 14.93,15.14 14.91,15.40
             14.89,15.54 14.87,15.72 14.86,15.82
             14.85,15.91 14.83,16.13 14.81,16.31
             14.78,16.66 14.75,17.01 14.71,17.46
             14.68,17.77 14.65,18.22 14.62,18.88
             14.57,19.76 14.55,20.23 14.52,21.20
             14.51,21.74 14.49,22.22 14.48,22.27
             14.47,22.34 14.48,22.36 14.51,22.36
             14.53,22.36 14.54,22.38 14.54,22.40
             14.54,22.42 14.52,22.43 14.45,22.43
             14.39,22.43 14.35,22.42 14.36,22.41
             14.37,22.40 14.25,22.38 14.11,22.37
             14.11,22.37 13.84,22.36 13.84,22.36
             13.84,22.36 13.84,22.04 13.84,22.04
             13.84,21.87 13.86,21.43 13.88,21.07
             13.90,20.70 13.93,20.19 13.94,19.93
             13.98,19.08 14.05,18.12 14.10,17.52
             14.12,17.30 14.14,16.97 14.16,16.79
             14.19,16.33 14.23,15.97 14.27,15.56
             14.29,15.36 14.31,15.08 14.33,14.94
             14.34,14.80 14.36,14.60 14.38,14.50
             14.39,14.39 14.41,14.18 14.42,14.03
             14.44,13.88 14.46,13.64 14.48,13.50
             14.50,13.36 14.53,13.14 14.54,13.01
             14.56,12.88 14.58,12.69 14.59,12.60
             14.60,12.51 14.63,12.34 14.64,12.22
             14.67,12.01 14.71,11.68 14.76,11.37
             14.80,11.12 14.83,10.57 14.84,10.14
             14.84,9.92 14.85,9.56 14.86,9.34
             14.87,9.11 14.89,8.64 14.91,8.28
             14.92,7.92 14.95,7.62 14.96,7.61
             14.97,7.59 15.25,7.58 15.64,7.57M 17.42,22.34
           C 17.42,22.33 17.45,22.31 17.47,22.31
             17.50,22.31 17.52,22.33 17.52,22.34
             17.52,22.35 17.50,22.36 17.47,22.36
             17.45,22.36 17.42,22.35 17.42,22.34M 17.13,22.36
           C 17.19,22.34 17.37,22.33 17.35,22.35
             17.34,22.35 17.28,22.36 17.21,22.37
             17.12,22.38 17.09,22.38 17.13,22.36M 14.97,22.42
           C 14.95,22.42 15.00,22.41 15.06,22.41
             15.13,22.41 15.20,22.42 15.22,22.43
             15.25,22.45 15.03,22.44 14.97,22.42M 16.54,22.43
           C 16.56,22.41 16.67,22.40 16.67,22.42
             16.67,22.42 16.64,22.43 16.60,22.44
             16.56,22.44 16.54,22.44 16.54,22.43M 15.48,7.67
           C 15.48,7.67 15.49,7.60 15.49,7.60
             15.49,7.60 15.83,7.60 15.83,7.60
             15.83,7.60 16.16,7.60 16.16,7.60
             16.16,7.60 16.19,7.70 16.19,7.70
             16.21,7.80 16.27,8.00 16.31,8.12
             16.32,8.16 16.36,8.31 16.40,8.47
             16.43,8.63 16.48,8.83 16.49,8.90
             16.56,9.17 16.75,10.12 16.81,10.44
             16.98,11.35 17.20,12.65 17.25,13.06
             17.27,13.14 17.30,13.38 17.34,13.60
             17.62,15.43 17.70,16.13 17.74,17.27
             17.82,19.69 17.84,22.24 17.77,22.26
             17.75,22.27 17.74,22.29 17.74,22.30
             17.74,22.34 17.69,22.35 17.66,22.32
             17.64,22.30 17.44,22.31 17.42,22.34
             17.42,22.34 17.36,22.35 17.29,22.35
             17.11,22.36 16.86,22.39 16.83,22.42
             16.81,22.43 16.75,22.43 16.68,22.42
             16.61,22.41 16.56,22.42 16.54,22.43
             16.49,22.47 15.29,22.47 15.21,22.43
             15.18,22.41 15.07,22.41 14.85,22.42
             14.59,22.43 14.54,22.43 14.54,22.40
             14.54,22.38 14.53,22.36 14.51,22.36
             14.48,22.36 14.47,22.34 14.48,22.27
             14.49,22.22 14.51,21.74 14.52,21.20
             14.55,20.23 14.57,19.76 14.62,18.88
             14.65,18.22 14.68,17.77 14.71,17.46
             14.75,17.01 14.78,16.66 14.81,16.31
             14.83,16.13 14.85,15.91 14.86,15.82
             14.87,15.72 14.89,15.54 14.91,15.40
             14.93,15.14 14.96,14.83 15.00,14.50
             15.02,14.39 15.04,14.20 15.05,14.07
             15.07,13.93 15.09,13.79 15.10,13.74
             15.11,13.70 15.12,13.44 15.12,13.17
             15.13,12.68 15.18,11.25 15.22,10.47
             15.23,10.24 15.25,9.94 15.26,9.80
             15.27,9.57 15.30,9.23 15.37,8.57
             15.39,8.31 15.45,7.83 15.48,7.67M 14.69,4.35
           C 14.78,4.34 15.16,4.34 15.55,4.35
             15.93,4.35 16.39,4.36 16.55,4.36
             16.72,4.37 16.87,4.38 16.90,4.39
             16.92,4.40 17.00,4.40 17.07,4.40
             17.15,4.39 17.21,4.40 17.21,4.41
             17.22,4.42 17.30,4.43 17.39,4.44
             17.49,4.44 17.58,4.45 17.59,4.46
             17.59,4.47 17.66,4.47 17.74,4.47
             17.81,4.48 17.92,4.49 17.97,4.50
             18.03,4.51 18.17,4.54 18.30,4.56
             19.10,4.69 19.16,4.71 19.21,4.92
             19.23,4.99 19.25,5.05 19.26,5.05
             19.27,5.05 19.29,5.09 19.30,5.15
             19.31,5.20 19.32,5.24 19.33,5.24
             19.35,5.24 19.36,5.28 19.37,5.31
             19.38,5.35 19.39,5.42 19.40,5.46
             19.41,5.50 19.42,5.53 19.43,5.53
             19.44,5.53 19.46,5.59 19.48,5.66
             19.49,5.74 19.52,5.79 19.53,5.79
             19.54,5.79 19.56,5.84 19.57,5.89
             19.57,5.94 19.59,5.99 19.60,5.99
             19.61,5.99 19.64,6.05 19.65,6.12
             19.67,6.19 19.69,6.25 19.70,6.25
             19.71,6.25 19.72,6.29 19.73,6.34
             19.74,6.38 19.76,6.42 19.77,6.42
             19.78,6.42 19.80,6.48 19.82,6.55
             19.83,6.62 19.86,6.68 19.87,6.68
             19.88,6.68 19.90,6.73 19.90,6.78
             19.91,6.83 19.93,6.88 19.94,6.88
             20.03,6.88 19.95,6.93 19.67,7.03
             19.54,7.08 19.53,7.09 19.59,7.09
             19.63,7.09 19.68,7.08 19.71,7.06
             19.74,7.04 19.80,7.02 19.86,7.00
             20.02,6.96 20.19,6.90 20.25,6.86
             20.29,6.85 20.35,6.83 20.39,6.82
             20.44,6.81 20.54,6.76 20.62,6.71
             20.86,6.57 20.94,6.52 21.02,6.48
             21.07,6.46 21.10,6.43 21.10,6.41
             21.10,6.40 21.16,6.31 21.24,6.23
             21.24,6.23 21.37,6.08 21.37,6.08
             21.37,6.08 21.44,6.23 21.44,6.23
             21.48,6.31 21.55,6.48 21.61,6.60
             21.67,6.72 21.77,6.93 21.83,7.08
             21.90,7.22 21.98,7.40 22.01,7.46
             22.04,7.53 22.09,7.64 22.12,7.72
             22.16,7.79 22.22,7.92 22.26,8.00
             22.33,8.15 22.47,8.45 22.61,8.78
             22.65,8.86 22.71,8.99 22.75,9.07
             22.93,9.47 23.13,9.92 23.13,9.93
             23.13,9.95 23.34,10.39 23.46,10.66
             23.49,10.72 23.55,10.86 23.60,10.96
             23.64,11.06 23.71,11.22 23.75,11.31
             23.80,11.41 23.84,11.49 23.84,11.50
             23.84,11.50 23.89,11.62 23.96,11.76
             24.02,11.90 24.08,12.02 24.08,12.03
             24.08,12.04 24.10,12.10 24.14,12.17
             24.17,12.23 24.27,12.45 24.36,12.65
             24.51,12.99 24.55,13.07 24.70,13.40
             24.73,13.47 24.76,13.53 24.76,13.54
             24.76,13.55 24.79,13.62 24.83,13.70
             24.87,13.78 25.04,14.17 25.22,14.56
             25.39,14.95 25.55,15.31 25.58,15.36
             25.60,15.42 25.69,15.61 25.77,15.78
             25.85,15.96 25.94,16.17 25.97,16.24
             26.07,16.45 26.14,16.62 26.14,16.67
             26.14,16.70 26.15,16.72 26.16,16.72
             26.19,16.73 26.23,17.08 26.20,17.08
             26.19,17.08 26.18,17.12 26.19,17.16
             26.19,17.21 26.19,17.25 26.18,17.25
             26.17,17.25 26.16,17.29 26.16,17.33
             26.16,17.38 26.15,17.42 26.13,17.43
             26.12,17.44 26.11,17.47 26.12,17.51
             26.13,17.56 26.13,17.58 26.11,17.58
             26.09,17.58 26.09,17.61 26.09,17.66
             26.10,17.69 26.10,17.73 26.09,17.74
             26.07,17.75 26.06,17.79 26.06,17.84
             26.06,17.88 26.05,17.92 26.04,17.93
             26.02,17.94 26.02,17.98 26.03,18.02
             26.04,18.06 26.03,18.09 26.02,18.09
             26.00,18.09 25.99,18.11 25.99,18.15
             25.99,18.18 25.97,18.22 25.95,18.24
             25.94,18.26 25.92,18.28 25.93,18.29
             25.94,18.29 25.93,18.31 25.91,18.33
             25.89,18.34 25.87,18.37 25.87,18.39
             25.87,18.41 25.85,18.43 25.83,18.43
             25.81,18.44 25.80,18.46 25.80,18.48
             25.80,18.50 25.78,18.52 25.76,18.53
             25.74,18.54 25.72,18.56 25.72,18.58
             25.72,18.60 25.71,18.62 25.70,18.62
             25.69,18.62 25.67,18.65 25.64,18.70
             25.62,18.75 25.59,18.78 25.58,18.78
             25.57,18.78 25.55,18.80 25.55,18.82
             25.55,18.84 25.54,18.86 25.52,18.87
             25.50,18.88 25.48,18.90 25.49,18.92
             25.50,18.93 25.49,18.95 25.47,18.96
             25.45,18.97 25.43,18.99 25.43,19.01
             25.43,19.03 25.43,19.05 25.42,19.05
             25.39,19.06 25.29,19.21 25.29,19.24
             25.29,19.25 25.27,19.27 25.26,19.28
             25.24,19.29 25.20,19.34 25.18,19.38
             25.16,19.42 25.12,19.46 25.09,19.47
             25.07,19.48 25.05,19.49 25.05,19.51
             25.05,19.52 25.03,19.54 25.00,19.55
             24.98,19.56 24.93,19.59 24.90,19.63
             24.86,19.67 24.82,19.70 24.81,19.70
             24.79,19.70 24.69,19.77 24.60,19.86
             24.57,19.88 24.49,19.95 24.42,20.00
             24.34,20.05 24.28,20.11 24.26,20.12
             24.25,20.14 24.23,20.15 24.22,20.15
             24.20,20.15 24.17,20.17 24.15,20.19
             23.99,20.34 23.93,20.39 23.91,20.39
             23.90,20.39 23.85,20.43 23.80,20.48
             23.75,20.52 23.68,20.57 23.65,20.58
             23.62,20.58 23.59,20.60 23.59,20.61
             23.59,20.62 23.56,20.64 23.51,20.66
             23.46,20.67 23.39,20.70 23.36,20.72
             23.32,20.74 23.28,20.75 23.26,20.75
             23.24,20.75 23.23,20.76 23.23,20.77
             23.23,20.78 23.19,20.81 23.13,20.83
             23.08,20.84 23.04,20.87 23.04,20.87
             23.04,20.88 22.98,20.91 22.92,20.92
             22.85,20.94 22.80,20.96 22.80,20.97
             22.80,20.98 22.77,21.00 22.74,21.00
             22.70,21.01 22.67,21.03 22.67,21.04
             22.67,21.06 22.66,21.07 22.64,21.07
             22.63,21.07 22.58,21.08 22.55,21.10
             22.51,21.12 22.47,21.13 22.45,21.12
             22.44,21.12 22.43,21.12 22.43,21.13
             22.43,21.15 22.40,21.17 22.36,21.17
             22.32,21.18 22.29,21.20 22.29,21.21
             22.29,21.22 22.24,21.24 22.19,21.26
             22.14,21.28 22.09,21.30 22.09,21.31
             22.09,21.32 22.06,21.33 22.01,21.34
             21.96,21.35 21.92,21.36 21.92,21.38
             21.92,21.39 21.88,21.41 21.83,21.43
             21.77,21.44 21.73,21.47 21.73,21.48
             21.73,21.49 21.70,21.50 21.65,21.51
             21.61,21.52 21.56,21.54 21.54,21.55
             21.53,21.56 21.49,21.57 21.46,21.56
             21.44,21.56 21.42,21.56 21.42,21.57
             21.42,21.58 21.36,21.60 21.28,21.61
             21.21,21.62 21.15,21.63 21.15,21.64
             21.15,21.65 21.10,21.67 21.04,21.68
             20.97,21.69 20.91,21.71 20.89,21.72
             20.87,21.73 20.84,21.74 20.82,21.73
             20.80,21.72 20.78,21.73 20.78,21.74
             20.77,21.75 20.71,21.76 20.64,21.77
             20.58,21.78 20.52,21.80 20.52,21.81
             20.52,21.82 20.43,21.84 20.32,21.86
             20.20,21.88 20.11,21.90 20.11,21.91
             20.11,21.92 20.06,21.94 19.99,21.94
             19.92,21.95 19.87,21.97 19.87,21.98
             19.87,21.99 19.78,22.01 19.68,22.03
             19.58,22.04 19.49,22.07 19.48,22.08
             19.44,22.14 19.42,22.05 19.39,21.64
             19.37,21.39 19.35,21.17 19.34,21.13
             19.32,21.09 19.31,20.93 19.30,20.78
             19.29,20.63 19.27,20.49 19.26,20.48
             19.25,20.46 19.23,20.25 19.21,20.01
             19.20,19.76 19.18,19.55 19.17,19.54
             19.16,19.53 19.14,19.39 19.13,19.23
             19.12,19.08 19.10,18.95 19.09,18.95
             19.08,18.95 19.06,18.76 19.04,18.52
             19.03,18.28 19.00,18.09 19.00,18.09
             18.99,18.09 18.97,17.97 18.96,17.83
             18.95,17.69 18.94,17.56 18.93,17.55
             18.92,17.53 18.89,17.35 18.88,17.14
             18.86,16.93 18.84,16.74 18.83,16.73
             18.82,16.72 18.80,16.54 18.78,16.33
             18.76,16.12 18.74,15.95 18.73,15.95
             18.72,15.95 18.70,15.84 18.69,15.71
             18.68,15.57 18.67,15.45 18.66,15.45
             18.65,15.44 18.62,15.27 18.60,15.06
             18.53,14.39 18.50,14.23 18.49,14.22
             18.48,14.22 18.46,14.06 18.44,13.87
             18.42,13.68 18.40,13.53 18.39,13.53
             18.38,13.53 18.36,13.38 18.34,13.20
             18.33,13.01 18.30,12.86 18.29,12.84
             18.28,12.83 18.27,12.72 18.26,12.61
             18.25,12.49 18.23,12.40 18.22,12.40
             18.21,12.40 18.19,12.25 18.17,12.07
             18.16,11.90 18.13,11.75 18.12,11.75
             18.11,11.75 18.10,11.65 18.09,11.53
             18.08,11.41 18.06,11.32 18.06,11.32
             18.05,11.32 18.02,11.18 18.01,11.01
             17.99,10.84 17.97,10.70 17.96,10.69
             17.95,10.69 17.93,10.59 17.92,10.48
             17.91,10.37 17.89,10.28 17.88,10.28
             17.87,10.28 17.85,10.15 17.84,9.98
             17.82,9.82 17.80,9.68 17.79,9.68
             17.78,9.68 17.76,9.55 17.74,9.38
             17.72,9.22 17.70,9.08 17.69,9.08
             17.68,9.08 17.67,9.01 17.66,8.93
             17.65,8.84 17.63,8.75 17.62,8.73
             17.61,8.71 17.58,8.61 17.57,8.51
             17.55,8.41 17.53,8.30 17.51,8.27
             17.50,8.24 17.48,8.16 17.47,8.11
             17.46,8.06 17.44,7.97 17.43,7.92
             17.41,7.87 17.39,7.77 17.38,7.70
             17.34,7.51 17.36,7.52 16.95,7.53
             16.75,7.54 16.09,7.55 15.48,7.56
             14.81,7.57 14.35,7.58 14.34,7.60
             14.33,7.61 14.30,7.74 14.28,7.89
             14.22,8.46 14.15,9.08 14.13,9.32
             14.12,9.46 14.10,9.64 14.09,9.71
             14.07,9.78 14.05,9.99 14.04,10.18
             14.02,10.36 14.00,10.59 13.99,10.68
             13.97,10.77 13.95,11.04 13.92,11.28
             13.90,11.52 13.87,11.86 13.85,12.04
             13.83,12.22 13.80,12.55 13.78,12.78
             13.76,13.01 13.74,13.30 13.72,13.42
             13.68,13.76 13.65,14.10 13.61,14.62
             13.59,14.88 13.57,15.19 13.55,15.29
             13.54,15.40 13.52,15.66 13.50,15.88
             13.49,16.10 13.47,16.37 13.45,16.49
             13.42,16.79 13.39,17.21 13.35,17.86
             13.33,18.16 13.30,18.50 13.29,18.60
             13.27,18.71 13.26,18.93 13.25,19.10
             13.24,19.26 13.22,19.50 13.20,19.64
             13.18,19.77 13.16,19.97 13.15,20.09
             13.14,20.20 13.13,20.30 13.12,20.30
             13.11,20.30 13.09,20.40 13.08,20.53
             13.07,20.65 13.06,20.75 13.05,20.75
             13.04,20.75 13.01,20.92 13.00,21.13
             12.98,21.33 12.96,21.50 12.95,21.50
             12.93,21.50 12.87,22.08 12.87,22.21
             12.87,22.24 12.89,22.27 12.92,22.27
             12.99,22.29 12.98,22.34 12.91,22.33
             12.88,22.33 12.85,22.32 12.85,22.31
             12.85,22.30 12.77,22.29 12.67,22.28
             12.57,22.27 12.48,22.25 12.47,22.24
             12.47,22.23 12.40,22.22 12.31,22.21
             12.23,22.20 12.15,22.18 12.14,22.18
             12.13,22.17 12.09,22.16 12.05,22.16
             11.90,22.14 11.60,22.08 11.58,22.07
             11.57,22.06 11.48,22.05 11.39,22.04
             11.29,22.03 11.18,22.01 11.13,22.00
             11.04,21.97 10.77,21.92 10.54,21.88
             10.46,21.87 10.36,21.84 10.32,21.82
             10.28,21.80 10.16,21.76 10.06,21.72
             9.96,21.69 9.87,21.65 9.87,21.64
             9.87,21.63 9.83,21.62 9.78,21.61
             9.72,21.60 9.64,21.58 9.59,21.55
             9.54,21.53 9.47,21.50 9.43,21.49
             9.36,21.46 9.30,21.44 9.03,21.35
             8.98,21.33 8.94,21.31 8.93,21.30
             8.92,21.29 8.82,21.26 8.71,21.24
             8.70,21.24 8.67,21.23 8.67,21.21
             8.66,21.20 8.59,21.18 8.52,21.16
             8.45,21.15 8.40,21.12 8.40,21.11
             8.40,21.10 8.35,21.09 8.30,21.08
             8.25,21.07 8.20,21.05 8.20,21.04
             8.20,21.03 8.17,21.01 8.12,21.00
             8.07,20.98 8.03,20.96 8.03,20.94
             8.03,20.93 8.02,20.92 8.00,20.92
             7.98,20.92 7.96,20.91 7.95,20.89
             7.93,20.87 7.90,20.85 7.87,20.83
             7.78,20.79 7.69,20.74 7.65,20.71
             7.60,20.67 7.50,20.62 7.41,20.57
             7.37,20.55 7.33,20.53 7.33,20.51
             7.33,20.50 7.30,20.49 7.26,20.48
             7.22,20.47 7.19,20.45 7.18,20.43
             7.17,20.41 7.15,20.39 7.13,20.39
             7.11,20.39 7.09,20.38 7.08,20.36
             7.08,20.34 7.04,20.32 7.00,20.31
             6.96,20.30 6.92,20.28 6.91,20.26
             6.91,20.24 6.87,20.22 6.83,20.21
             6.79,20.21 6.75,20.18 6.74,20.16
             6.74,20.14 6.71,20.13 6.69,20.13
             6.67,20.13 6.66,20.12 6.66,20.11
             6.66,20.10 6.62,20.07 6.58,20.06
             6.53,20.04 6.49,20.01 6.48,19.99
             6.47,19.98 6.44,19.96 6.42,19.96
             6.41,19.96 6.39,19.95 6.39,19.94
             6.39,19.92 6.35,19.88 6.31,19.83
             6.27,19.79 6.18,19.70 6.12,19.63
             6.05,19.56 5.97,19.49 5.94,19.47
             5.91,19.44 5.88,19.41 5.88,19.39
             5.88,19.38 5.80,19.27 5.69,19.17
             5.59,19.06 5.50,18.98 5.51,18.98
             5.51,18.98 5.49,18.95 5.45,18.91
             5.33,18.78 5.28,18.71 5.28,18.68
             5.28,18.66 5.26,18.63 5.24,18.60
             5.22,18.57 5.21,18.54 5.22,18.54
             5.23,18.53 5.22,18.50 5.19,18.47
             5.17,18.44 5.16,18.39 5.16,18.37
             5.16,18.35 5.13,18.29 5.11,18.24
             5.08,18.19 5.06,18.13 5.06,18.11
             5.06,18.09 5.04,18.05 5.02,18.02
             5.00,17.99 4.99,17.97 5.00,17.97
             5.00,17.97 4.99,17.93 4.98,17.89
             4.94,17.82 4.95,17.73 4.99,17.73
             5.00,17.73 5.02,17.67 5.03,17.61
             5.05,17.54 5.07,17.49 5.08,17.49
             5.10,17.49 5.11,17.45 5.12,17.40
             5.13,17.36 5.14,17.32 5.15,17.32
             5.16,17.32 5.19,17.28 5.20,17.22
             5.22,17.17 5.24,17.13 5.25,17.13
             5.26,17.13 5.28,17.09 5.29,17.04
             5.30,17.00 5.31,16.96 5.32,16.96
             5.33,16.96 5.36,16.91 5.37,16.85
             5.39,16.78 5.41,16.73 5.42,16.72
             5.45,16.70 5.49,16.57 5.49,16.53
             5.49,16.50 5.50,16.48 5.52,16.48
             5.53,16.48 5.55,16.45 5.56,16.42
             5.57,16.39 5.58,16.36 5.59,16.36
             5.60,16.36 5.62,16.31 5.64,16.24
             5.66,16.17 5.68,16.12 5.69,16.12
             5.70,16.12 5.72,16.08 5.73,16.04
             5.73,15.99 5.75,15.95 5.76,15.95
             5.77,15.95 5.79,15.91 5.81,15.86
             5.83,15.80 5.85,15.76 5.86,15.76
             5.87,15.76 5.88,15.72 5.89,15.68
             5.90,15.63 5.92,15.59 5.93,15.59
             5.94,15.59 5.96,15.54 5.98,15.47
             5.99,15.41 6.02,15.35 6.03,15.35
             6.04,15.35 6.06,15.30 6.08,15.24
             6.10,15.18 6.12,15.14 6.13,15.14
             6.14,15.14 6.15,15.10 6.16,15.06
             6.17,15.02 6.18,14.99 6.20,14.99
             6.21,14.99 6.23,14.94 6.24,14.87
             6.26,14.80 6.28,14.75 6.29,14.75
             6.31,14.75 6.32,14.71 6.33,14.67
             6.34,14.62 6.36,14.58 6.37,14.58
             6.38,14.58 6.40,14.54 6.42,14.49
             6.43,14.43 6.45,14.39 6.46,14.39
             6.47,14.39 6.49,14.35 6.50,14.31
             6.51,14.26 6.52,14.22 6.53,14.22
             6.54,14.22 6.57,14.17 6.58,14.10
             6.60,14.04 6.62,13.98 6.63,13.98
             6.65,13.98 6.67,13.93 6.68,13.87
             6.70,13.82 6.72,13.77 6.73,13.77
             6.74,13.77 6.76,13.73 6.76,13.69
             6.77,13.65 6.79,13.62 6.80,13.62
             6.81,13.62 6.83,13.57 6.84,13.51
             6.86,13.45 6.89,13.39 6.91,13.37
             6.93,13.35 6.95,13.30 6.95,13.27
             6.95,13.24 6.96,13.21 6.97,13.21
             6.98,13.21 7.01,13.17 7.02,13.12
             7.04,13.07 7.06,13.02 7.07,13.02
             7.08,13.02 7.09,12.98 7.10,12.94
             7.11,12.89 7.13,12.85 7.14,12.85
             7.15,12.85 7.17,12.80 7.19,12.73
             7.20,12.67 7.23,12.61 7.24,12.61
             7.25,12.61 7.27,12.57 7.29,12.51
             7.31,12.45 7.33,12.40 7.34,12.40
             7.35,12.40 7.36,12.37 7.37,12.33
             7.38,12.29 7.39,12.25 7.40,12.25
             7.41,12.25 7.43,12.20 7.45,12.14
             7.47,12.08 7.50,12.02 7.52,12.00
             7.53,11.98 7.55,11.94 7.55,11.90
             7.55,11.87 7.56,11.85 7.58,11.85
             7.59,11.85 7.61,11.80 7.63,11.74
             7.64,11.68 7.67,11.63 7.67,11.63
             7.68,11.63 7.70,11.60 7.71,11.56
             7.72,11.52 7.73,11.49 7.74,11.49
             7.75,11.49 7.78,11.43 7.79,11.37
             7.81,11.30 7.83,11.25 7.84,11.25
             7.86,11.25 7.88,11.20 7.89,11.14
             7.91,11.08 7.93,11.03 7.94,11.03
             7.95,11.03 7.97,11.00 7.97,10.96
             7.98,10.92 8.00,10.89 8.01,10.89
             8.02,10.89 8.04,10.84 8.05,10.77
             8.07,10.71 8.10,10.65 8.12,10.63
             8.14,10.61 8.16,10.57 8.16,10.54
             8.16,10.50 8.17,10.48 8.18,10.48
             8.19,10.48 8.22,10.43 8.23,10.37
             8.25,10.31 8.27,10.26 8.28,10.26
             8.29,10.26 8.31,10.21 8.33,10.15
             8.34,10.09 8.36,10.04 8.37,10.04
             8.38,10.04 8.40,10.01 8.41,9.96
             8.42,9.91 8.43,9.88 8.45,9.88
             8.46,9.88 8.48,9.85 8.49,9.81
             8.49,9.77 8.52,9.72 8.53,9.68
             8.58,9.60 8.63,9.47 8.65,9.40
             8.67,9.34 8.70,9.25 8.77,9.10
             8.79,9.06 8.82,8.99 8.83,8.94
             8.85,8.89 8.88,8.83 8.89,8.80
             8.91,8.76 8.93,8.70 8.94,8.66
             8.95,8.62 8.97,8.58 8.98,8.58
             8.99,8.58 9.00,8.56 9.00,8.54
             9.00,8.52 9.03,8.45 9.05,8.40
             9.08,8.35 9.10,8.29 9.10,8.27
             9.10,8.25 9.12,8.21 9.13,8.16
             9.22,7.98 9.26,7.87 9.28,7.81
             9.30,7.75 9.34,7.65 9.40,7.52
             9.42,7.49 9.44,7.43 9.45,7.39
             9.46,7.34 9.47,7.31 9.48,7.31
             9.49,7.31 9.52,7.25 9.53,7.18
             9.55,7.10 9.57,7.04 9.59,7.04
             9.60,7.04 9.61,7.03 9.61,7.01
             9.61,6.99 9.63,6.92 9.66,6.86
             9.68,6.80 9.71,6.72 9.72,6.68
             9.73,6.64 9.74,6.61 9.75,6.61
             9.76,6.61 9.78,6.57 9.79,6.52
             9.82,6.39 9.88,6.40 10.05,6.53
             10.12,6.59 10.19,6.64 10.20,6.64
             10.22,6.64 10.33,6.69 10.59,6.81
             10.81,6.91 11.06,7.00 11.12,6.99
             11.15,6.99 11.11,6.97 11.03,6.95
             10.90,6.91 10.64,6.78 10.63,6.75
             10.62,6.74 10.61,6.73 10.60,6.73
             10.58,6.73 10.56,6.72 10.54,6.70
             10.52,6.68 10.51,6.66 10.52,6.66
             10.54,6.66 10.56,6.62 10.57,6.58
             10.57,6.53 10.59,6.49 10.60,6.49
             10.61,6.49 10.63,6.42 10.64,6.33
             10.66,6.24 10.68,6.16 10.70,6.16
             10.71,6.15 10.73,6.08 10.75,5.99
             10.76,5.91 10.79,5.84 10.80,5.84
             10.80,5.84 10.82,5.79 10.83,5.73
             10.84,5.68 10.85,5.63 10.86,5.63
             10.88,5.63 10.90,5.56 10.91,5.47
             10.93,5.38 10.95,5.31 10.96,5.31
             10.98,5.31 10.99,5.26 11.00,5.19
             11.01,5.13 11.03,5.07 11.04,5.07
             11.05,5.07 11.06,5.05 11.06,5.03
             11.06,4.89 11.98,4.64 12.97,4.51
             13.14,4.49 13.31,4.47 13.35,4.46
             13.39,4.46 13.48,4.44 13.55,4.44
             13.63,4.43 13.70,4.42 13.72,4.41
             13.74,4.40 13.86,4.40 13.99,4.40
             14.14,4.40 14.23,4.40 14.23,4.38
             14.23,4.37 14.29,4.36 14.38,4.37
             14.46,4.37 14.60,4.36 14.69,4.35M 11.46,7.08
           C 11.47,7.08 11.43,7.06 11.38,7.05
             11.32,7.04 11.28,7.03 11.28,7.04
             11.28,7.06 11.45,7.10 11.46,7.08M 11.74,7.15
           C 11.73,7.15 11.69,7.14 11.65,7.13
             11.60,7.12 11.59,7.12 11.62,7.14
             11.65,7.16 11.76,7.18 11.74,7.15M 14.02,7.49
           C 14.05,7.49 14.02,7.48 13.96,7.48
             13.90,7.48 13.88,7.49 13.91,7.49
             13.94,7.50 13.99,7.50 14.02,7.49M 17.21,7.49
           C 17.26,7.49 17.22,7.48 17.13,7.48
             17.05,7.48 17.01,7.49 17.05,7.49
             17.10,7.50 17.17,7.50 17.21,7.49M 19.29,22.10
           C 19.29,22.08 19.32,22.07 19.35,22.08
             19.41,22.08 19.41,22.08 19.37,22.10
             19.31,22.13 19.29,22.13 19.29,22.10M 19.17,22.12
           C 19.17,22.11 19.19,22.10 19.22,22.10
             19.27,22.10 19.27,22.10 19.24,22.13
             19.19,22.17 19.01,22.21 19.03,22.17
             19.04,22.16 19.07,22.15 19.11,22.15
             19.14,22.15 19.17,22.14 19.17,22.12M 18.77,22.19
           C 18.79,22.18 18.85,22.17 18.90,22.17
             18.98,22.17 18.98,22.18 18.92,22.19
             18.84,22.22 18.70,22.22 18.77,22.19M 18.20,22.27
           C 18.25,22.24 18.32,22.24 18.32,22.27
             18.32,22.28 18.28,22.29 18.24,22.29
             18.18,22.29 18.17,22.28 18.20,22.27M 13.01,22.31
           C 13.02,22.30 13.04,22.29 13.05,22.29
             13.10,22.29 13.15,22.33 13.14,22.35
             13.11,22.38 12.99,22.34 13.01,22.31M 17.86,22.31
           C 17.88,22.30 17.92,22.29 17.95,22.29
             18.03,22.29 18.01,22.30 17.91,22.32
             17.85,22.33 17.83,22.33 17.86,22.31M 17.56,22.34
           C 17.57,22.33 17.59,22.31 17.61,22.31
             17.62,22.31 17.65,22.33 17.65,22.34
             17.66,22.35 17.64,22.36 17.61,22.36
             17.57,22.36 17.55,22.35 17.56,22.34M 13.19,22.36
           C 13.14,22.33 13.38,22.33 13.49,22.36
             13.55,22.38 13.52,22.38 13.39,22.38
             13.30,22.38 13.21,22.38 13.19,22.36M 13.85,22.40
           C 13.84,22.39 13.94,22.39 14.07,22.39
             14.22,22.39 14.30,22.40 14.30,22.41
             14.30,22.44 13.88,22.43 13.85,22.40M 16.92,22.41
           C 16.92,22.40 16.94,22.39 16.98,22.39
             17.01,22.39 17.03,22.40 17.02,22.41
             17.02,22.42 16.99,22.43 16.96,22.43
             16.94,22.43 16.92,22.42 16.92,22.41M 14.80,22.45
           C 14.77,22.45 14.80,22.44 14.86,22.44
             14.92,22.44 14.94,22.45 14.91,22.45
             14.88,22.46 14.83,22.46 14.80,22.45M 15.68,22.48
           C 15.65,22.47 15.67,22.46 15.73,22.46
             15.79,22.46 15.81,22.47 15.78,22.48
             15.75,22.48 15.71,22.48 15.68,22.48" />
</svg>
