<?xml version="1.0" encoding="UTF-8" standalone="no"?>
<!DOCTYPE svg PUBLIC "-//W3C//DTD SVG 20010904//EN"
              "http://www.w3.org/TR/2001/REC-SVG-20010904/DTD/svg10.dtd">

<svg xmlns="http://www.w3.org/2000/svg"
     width="0.266667in" height="0.266667in"
     viewBox="0 0 24 24">
  <path id="Imported Path"
        fill="none" stroke="black" stroke-width="1"
        d="M 16.93,13.73
           C 16.93,16.45 14.72,18.65 12.00,18.65
             9.28,18.65 7.07,16.45 7.07,13.73
             7.07,11.00 9.28,8.80 12.00,8.80
             14.72,8.80 16.93,11.00 16.93,13.73 Z
           M 15.96,13.65
           C 15.96,11.42 14.15,9.61 11.92,9.61
             11.51,9.61 11.18,9.94 11.18,10.35
             11.18,10.76 11.51,11.09 11.92,11.09
             13.33,11.09 14.48,12.24 14.48,13.65
             14.48,14.06 14.81,14.39 15.22,14.39
             15.63,14.39 15.96,14.06 15.96,13.65 Z
           M 23.81,11.78
           C 23.64,12.01 23.38,12.13 23.11,12.13
             22.92,12.13 22.73,12.07 22.57,11.94
             22.57,11.94 21.48,11.11 21.48,11.11
             21.48,11.11 21.48,21.31 21.48,21.31
             21.48,21.38 21.47,21.45 21.46,21.51
             21.46,21.51 16.91,16.96 16.91,16.96
             17.51,16.05 17.85,14.96 17.85,13.79
             17.85,10.56 15.23,7.94 12.00,7.94
             8.77,7.94 6.15,10.56 6.15,13.79
             6.15,17.02 8.77,19.64 12.00,19.64
             13.20,19.64 14.32,19.28 15.25,18.66
             15.25,18.66 18.80,22.20 18.80,22.20
             18.80,22.20 3.30,22.20 3.30,22.20
             2.81,22.20 2.41,21.80 2.41,21.31
             2.41,21.31 2.41,11.19 2.41,11.19
             2.41,11.19 1.43,11.94 1.43,11.94
             1.04,12.24 0.48,12.17 0.18,11.78
             -0.11,11.39 -0.04,10.84 0.35,10.54
             0.35,10.54 11.46,1.98 11.46,1.98
             11.78,1.74 12.22,1.74 12.54,1.98
             12.54,1.98 16.88,5.32 16.88,5.32
             16.88,5.32 16.88,2.69 16.88,2.69
             16.88,2.19 17.28,1.80 17.77,1.80
             18.26,1.80 18.66,2.19 18.66,2.69
             18.66,2.69 18.66,6.69 18.66,6.69
             18.66,6.69 23.65,10.54 23.65,10.54
             24.04,10.84 24.11,11.39 23.81,11.78 Z" />
</svg>
